dist: [0,148,55,32,70,140,73,
      148,0,93,180,99,12,72,
      55,93,0,85,20,83,28,
      32,180,85,0,100,174,99,
      70,99,20,100,0,85,49,
      140,12,83,174,85,0,73,
      73,72,28,99,49,73,0]

d: [(2) 2000,500,1000,2500,2000,800]

p: [(2) 2500,1000,1500,4000,3000,1500]

c: 6000

n: 6

v: 10
